000000
000001
000003
000004
000005
000006
000008
000009
000010
000011
000012
000013
000014
000016
000017
000018
000019
000021
000023
000025
000026
000027
000028
000029
000030
000031
000032
000033
000034
000036
000037
000038
000039
000040
000041
000042
000043
000044
000045
000046
000047
000048
000049
000050
000051
000052
000053
000055
000056
000058
000059
000060
000061
000065
000066
000067
000068
000069
000070
000071
000072
000073
000074
000075
000076
000077
000078
000079
000080
000081
000082
000083
000086
000087
000088
000090
000091
000092
000093
000095
000096
000098
000099
000100
000101
000102
000103
000104
000106
000107
000108
000109
000111
000113
000115
000116
000117
000120
000121
000122
000123
000126
000127
000128
000129
000130
000131
000133
000134
000135
000136
000137
000138
000139
000140
000141
000142
000143
000144
000145
000146
000147
000148
000149
000150
000151
000152
000153
000154
000156
000157
000158
000159
000160
000161
000162
000163
000164
000165
000166
000167
000168
000169
000171
000172
000173
000174
000176
000177
000178
000180
000181
000183
000186
000187
000190
000191
000192
000193
000195
000196
000197
000198
000199
000200
000201
000202
000203
000204
000205
000206
000207
000208
000210
000212
000213
000214
000215
000217
000219
000220
000221
000223
000224
000225
000226
000227
000228
000229
000230
000231
000232
000233
000234
000235
000236
000237
000239
000240
000242
000243
000244
000245
000246
000247
000248
000249
000250
000251
000252
000255
000256
000257
000259
000260
000261
000262
000263
000265
000268
000269
000270
000271
000272
000273
000275
000276
000279
000280
000281
000283
000284
000285
000289
000290
000293
000294
000296
000297
000298
000299
000300
000301
000303
000304
000305
000306
000308
000309
000311
000312
000313
000314
000317
000318
000320
000321
000322
000323
000324
000325
000326
000327
000329
000330
000331
000332
000333
000334
000335
000336
000337
000338
000339
000340
000341
000342
000343
000344
000345
000346
000347
000348
000349
000351
000353
000354
000355
000357
000358
000359
000360
000361
000362
000363
000364
000365
000366
000367
000368
000371
000372
000373
000374
000375
000376
000377
000378
000379
000380
000381
000382
000383
000384
000385
000387
000388
000389
000390
000392
000394
000395
000396
000397
000398
000399
000401
000402
000404
000405
000406
000407
000409
000410
000412
000414
000415
000416
000417
000419
000420
000424
000425
000426
000428
000429
000430
000431
000432
000433
000434
000435
000437
000438
000439
000440
000441
000442
000444
000445
000446
000447
000448
000449
000450
000451
000452
000453
000454
000455
000456
000457
000458
000459
000460
000461
000463
000464
000465
000467
000468
000470
000472
000473
000474
000475
000476
000477
000478
000479
000480
000484
000485
000486
000488
000489
000490
000491
000492
000493
000494
000495
000496
000497
000500
000501
000502
000503
000505
000506
000507
000508
000509
000510
000511
000512
000513
000516
000517
000518
000520
000521
000523
000524
000525
000526
000527
000528
000529
000530
000531
000532
000533
000534
000535
000536
000537
000540
000541
000542
000543
000547
000548
000550
000551
000552
000553
000554
000555
000556
000559
000561
000562
000563
000564
000565
000566
000567
000569
000570
000571
000572
000573
000574
000575
000577
000578
000579
000582
000583
000584
000585
000586
000587
000588
000589
000590
000593
000594
000596
000597
000598
000599
000600
000601
000602
000603
000606
000607
000609
000610
000611
000612
000614
000615
000616
000617
000618
000619
000620
000622
000623
000625
000626
000627
000628
000629
000630
000631
000632
000633
000636
000639
000640
000642
000643
000644
000645
000646
000647
000648
000649
000650
000651
000652
000654
000655
000656
000658
000659
000661
000663
000664
000665
000666
000667
000668
000669
000670
000671
000672
000674
000676
000677
000678
000679
000680
000681
000682
000683
000685
000686
000687
000688
000691
000692
000693
000695
000696
000697
000698
000699
000700
000701
000702
000703
000704
000705
000706
000709
000710
000713
000715
000717
000718
000721
000722
000723
000725
000726
000727
000728
000730
000731
000732
000733
000735
000736
000737
000738
000739
000740
000741
000742
000743
000744
000745
000746
000747
000749
000750
000753
000754
000755
000756
000757
000758
000759
000760
000761
000762
000764
000765
000766
000768
000769
000772
000773
000774
000775
000776
000777
000778
000779
000780
000781
000782
000783
000784
000785
000787
000788
000790
000791
000792
000793
000794
000796
000797
000798
000799
000802
000803
000804
000805
000806
000809
000810
000811
000812
000813
000814
000815
000816
000818
000820
000821
000822
000823
000824
000825
000826
000827
000829
000830
000831
000832
000833
000835
000837
000838
000839
000840
000841
000842
000843
000844
000845
000846
000847
000848
000850
000853
000855
000857
000859
000860
000861
000862
000864
000866
000867
000868
000869
000870
000871
000872
000873
000874
000875
000876
000877
000878
000880
000881
000882
000883
000884
000887
000889
000890
000891
000892
000893
000894
000895
000896
000897
000898
000899
000901
000902
000903
000904
000905
000906
000907
000910
000911
000912
000913
000915
000916
000917
000918
000919
000920
000921
000922
000923
000925
000926
000927
000928
000930
000931
000932
000933
000935
000936
000937
000938
000939
000941
000942
000943
000944
000945
000946
000947
000948
000951
000952
000953
000954
000955
000956
000959
000960
000961
000962
000963
000964
000965
000966
000967
000968
000969
000970
000971
000973
000975
000976
000978
000980
000981
000982
000983
000986
000987
000988
000989
000991
000993
000994
000996
000997
000998
000999
001000
001001
001002
001003
001004
001007
001008
001009
001010
001011
001012
001013
001016
001017
001018
001019
001020
001021
001022
001024
001025
001026
001028
001029
001030
001031
001032
001033
001034
001035
001036
001038
001039
001041
001042
001043
001044
001045
001046
001048
001050
001051
001054
001055
001056
001057
001058
001059
001061
001062
001063
001064
001066
001067
001068
001069
001070
001071
001072
001073
001076
001078
001079
001080
001081
001083
001084
001085
001086
001087
001088
001089
001090
001091
001093
001095
001096
001097
001098
001099
001100
001101
001103
001104
001105
001106
001107
001108
001109
001110
001111
001112
001113
001115
001116
001117
001119
001120
001121
001122
001123
001124
001125
001126
001127
001128
001129
001130
001131
001132
001133
001134
001135
001136
001137
001138
001139
001140
001141
001142
001143
001144
001145
001146
001148
001149
001150
001151
001153
001154
001155
001156
001157
001158
001159
001160
001162
001163
001164
001165
001166
001168
001169
001170
001172
001173
001174
001175
001176
001177
001178
001179
001180
001182
001183
001186
001187
001188
001189
001190
001191
001192
001193
001194
001195
001196
001197
001198
001200
001201
001202
001203
001204
001205
001206
001207
001209
001210
001211
001212
001213
001214
001215
001216
001217
001218
001219
001220
001222
001223
001224
001225
001226
001227
001229
001230
001231
001232
001234
001236
001237
001238
001239
001240
001242
001243
001244
001245
001246
001247
001248
001249
001251
001252
001255
001256
001257
001259
001261
001262
001263
001264
001266
001267
001269
001270
001271
001272
001273
001274
001275
001276
001277
001278
001279
001281
001282
001283
001286
001287
001289
001290
001291
001292
001294
001295
001296
001297
001298
001299
001300
001301
001302
001303
001305
001306
001307
001308
001309
001310
001311
001312
001313
001314
001315
001318
001320
001321
001322
001324
001325
001326
001327
001328
001329
001330
001331
001332
001333
001334
001335
001337
001338
001339
001340
001342
001343
001346
001347
001348
001349
001351
001352
001353
001354
001355
001356
001357
001358
001359
001362
001364
001365
001367
001368
001369
001370
001371
001372
001373
001375
001376
001377
001378
001380
001381
001382
001383
001384
001386
001387
001388
001391
001392
001393
001394
001395
001396
001397
001398
001399
001400
001401
001403
001405
001406
001407
001408
001409
001411
001412
001413
001414
001415
001416
001417
001418
001419
001420
001421
001422
001425
001426
001427
001428
001429
001430
001431
001432
001433
001434
001435
001436
001437
001438
001439
001440
001441
001442
001443
001444
001445
001446
001447
001448
001449
001450
001451
001452
001453
001454
001456
001457
001458
001459
001460
001461
001463
001464
001466
001467
001472
001473
001476
001478
001479
001481
001482
001483
001484
001485
001486
001487
001491
001493
001494
001496
001497
001500
001502
001503
001504
001505
001506
001507
001509
001512
001513
001514
001516
001517
001519
001520
001521
001522
001525
001526
001527
001528
001529
001531
001532
001533
001534
001535
001536
001537
001538
001540
001541
001542
001543
001545
001546
001547
001548
001549
001550
001551
001552
001553
001554
001555
001559
001560
001561
001562
001563
001565
001566
001568
001569
001571
001572
001573
001574
001575
001576
001577
001579
001580
001581
001582
001583
001584
001586
001587
001588
001589
001590
001591
001592
001593
001594
001595
001596
001597
001599
001600
001601
001602
001603
001604
001605
001606
001608
001609
001611
001612
001615
001616
001617
001618
001619
001620
001621
001623
001624
001626
001627
001628
001629
001631
001632
001633
001634
001636
001637
001638
001639
001640
001641
001642
001643
001644
001645
001646
001648
001649
001650
001651
001652
001654
001656
001657
001658
001659
001660
001661
001662
001664
001665
001666
001667
001668
001670
001671
001672
001673
001674
001675
001676
001677
001678
001679
001680
001681
001682
001683
001684
001686
001687
001688
001689
001690
001692
001693
001695
001696
001697
001698
001699
001701
001702
001703
001705
001706
001707
001708
001709
001710
001711
001712
001713
001714
001715
001716
001718
001719
001720
001721
001722
001723
001725
001726
001728
001729
001730
001731
001732
001733
001734
001735
001736
001737
001738
001740
001741
001742
001743
001744
001745
001747
001748
001750
001751
001752
001753
001754
001755
001756
001757
001759
001760
001761
001762
001763
001764
001765
001766
001767
001768
001769
001770
001771
001772
001773
001774
001775
001777
001778
001779
001780
001782
001783
001784
001785
001786
001787
001788
001789
001790
001791
001792
001794
001796
001799
001800
001801
001802
001803
001805
001807
001808
001809
001810
001811
001812
001813
001814
001815
001816
001817
001818
001819
001820
001822
001823
001824
001825
001827
001828
001829
001830
001831
001832
001833
001834
001836
001837
001838
001839
001840
001843
001844
001845
001846
001847
001848
001849
001850
001851
001852
001853
001854
001855
001857
001858
001859
001860
001861
001862
001864
001865
001866
001867
001868
001869
001870
001871
001873
001874
001875
001876
001879
001880
001881
001882
001884
001885
001886
001887
001888
001889
001891
001892
001893
001894
001895
001896
001898
001899
001900
001901
001902
001903
001906
001907
001909
001910
001911
001912
001913
001914
001915
001916
001917
001918
001919
001920
001921
001923
001924
001925
001926
001927
001928
001929
001930
001931
001932
001933
001934
001936
001937
001940
001941
001943
001944
001945
001946
001947
001948
001949
001950
001952
001953
001954
001955
001956
001957
001958
001960
001961
001962
001963
001964
001965
001966
001967
001968
001969
001970
001971
001972
001974
001975
001976
001977
001978
001979
001980
001981
001982
001983
001985
001986
001987
001992
001993
001994
001995
001997
001998
001999
002000
002003
002004
002005
002006
002007
002008
002009
002010
002012
002013
002014
002015
002016
002017
002018
002019
002020
002021
002022
002024
002026
002027
002028
002030
002031
002032
002033
002035
002036
002037
002038
002039
002042
002044
002046
002047
002048
002049
002051
002052
002053
002054
002055
002056
002057
002060
002061
002062
002063
002064
002066
002067
002068
002069
002070
002071
002072
002073
002074
002075
002077
002078
002079
002080
002082
002083
002085
002086
002087
002088
002089
002090
002091
002092
002094
002095
002096
002098
002099
002100
002101
002104
002105
002106
002107
002108
002109
002110
002111
002112
002113
002114
002115
002116
002117
002118
002119
002120
002122
002123
002124
002125
002126
002127
002128
002129
002130
002131
002132
002133
002134
002135
002136
002137
002138
002139
002140
002141
002142
002143
002144
002145
002146
002147
002148
002149
002150
002152
002153
002154
002155
002156
002158
002159
002160
002162
002164
002165
002166
002167
002168
002169
002170
002171
002172
002173
002174
002175
002177
002179
002180
002181
002182
002183
002184
002185
002186
002187
002188
002189
002190
002192
002194
002195
002196
002197
002198
002201
002203
002204
002205
002206
002207
002208
002209
002210
002211
002212
002213
002214
002215
002216
002218
002219
002220
002221
002222
002223
002224
002225
002229
002230
002231
002232
002233
002234
002235
002236
002237
002238
002239
002240
002242
002243
002245
002246
002247
002248
002250
002251
002254
002255
002257
002258
002259
002260
002262
002263
002264
002267
002268
002269
002270
002271
002272
002273
002274
002275
002276
002277
002278
002280
002282
002283
002284
002285
002286
002287
002289
002290
002292
002293
002294
002296
002297
002298
002299
002301
002304
002305
002306
002309
002310
002311
002313
002314
002315
002316
002317
002318
002320
002321
002322
002323
002324
002325
002327
002328
002329
002331
002332
002333
002334
002335
002336
002337
002338
002339
002341
002342
002343
002344
002345
002346
002347
002348
002349
002350
002351
002352
002354
002355
002356
002358
002359
002362
002363
002364
002365
002366
002367
002368
002369
002371
002372
002374
002375
002376
002377
002378
002379
002380
002381
002384
002385
002386
002388
002390
002391
002393
002395
002396
002397
002398
002399
002400
002401
002402
002403
002405
002406
002407
002408
002409
002410
002411
002412
002413
002414
002416
002417
002420
002422
002423
002424
002425
002426
002427
002428
002429
002430
002431
002432
002433
002434
002435
002436
002437
002438
002439
002440
002442
002443
002444
002445
002446
002447
002448
002449
002450
002451
002452
002453
002454
002455
002456
002457
002458
002459
002461
002463
002464
002465
002467
002468
002469
002470
002471
002472
002473
002474
002475
002476
002477
002478
002479
002480
002481
002483
002485
002486
002487
002488
002489
002490
002491
002492
002493
002494
002495
002496
002498
002499
002500
002501
002502
002503
002504
002505
002506
002507
002508
002509
002510
002511
002512
002513
002515
002517
002518
002519
002520
002521
002522
002523
002524
002525
002526
002529
002531
002532
002533
002534
002535
002536
002537
002538
002539
002540
002541
002542
002543
002544
002546
002548
002549
002551
002552
002553
002554
002555
002556
002557
002558
002559
002560
002561
002562
002563
002565
002566
002567
002569
002571
002572
002573
002576
002577
002578
002579
002581
002582
002583
002585
002586
002587
002588
002589
002590
002591
002592
002593
002594
002595
002596
002597
002598
002599
002600
002602
002603
002605
002606
002608
002609
002610
002611
002612
002615
002617
002618
002619
002621
002622
002624
002625
002626
002629
002630
002631
002633
002635
002636
002637
002640
002641
002642
002643
002644
002645
002646
002647
002648
002649
002650
002651
002652
002653
002654
002655
002657
002658
002659
002661
002662
002663
002665
002667
002669
002670
002671
002673
002674
002675
002676
002677
002678
002679
002680
002681
002682
002686
002687
002688
002689
002691
002692
002693
002694
002695
002697
002698
002699
002700
002701
002702
002703
002704
002705
002707
002708
002709
002710
002712
002714
002715
002716
002717
002718
002719
002720
002721
002722
002723
002724
002725
002726
002727
002728
002729
002730
002731
002732
002734
002735
002737
002739
002740
002741
002742
002743
002744
002746
002748
002749
002750
002751
002752
002753
002754
002755
002757
002758
002759
002760
002762
002763
002764
002765
002766
002768
002769
002770
002771
002772
002773
002774
002775
002776
002777
002778
002779
002780
002781
002782
002783
002785
002786
002787
002788
002789
002791
002792
002793
002794
002795
002796
002797
002798
002799
002800
002802
002803
002805
002806
002807
002808
002809
002810
002812
002814
002815
002816
002817
002818
002822
002823
002824
002825
002826
002827
002828
002829
002831
002832
002833
002834
002836
002840
002841
002842
002843
002844
002845
002846
002848
002850
002852
002853
002854
002855
002857
002858
002859
002860
002861
002862
002863
002865
002866
002868
002869
002870
002871
002872
002873
002874
002875
002876
002877
002878
002879
002880
002883
002884
002885
002886
002887
002888
002889
002890
002892
002893
002894
002895
002896
002897
002899
002900
002901
002902
002903
002904
002906
002907
002908
002909
002910
002911
002912
002913
002916
002917
002918
002920
002921
002922
002924
002925
002926
002928
002930
002931
002932
002933
002934
002935
002936
002937
002940
002941
002942
002943
002944
002945
002946
002947
002948
002949
002950
002952
002955
002956
002957
002958
002959
002960
002961
002962
002963
002966
002967
002968
002969
002970
002971
002972
002973
002974
002975
002976
002977
002978
002979
002980
002982
002985
002986
002987
002988
002989
002990
002991
002992
002993
002994
002995
002996
002997
002998
002999
003000
003001
003002
003003
003004
003005
003006
003007
003008
003009
003010
003011
003012
003013
003014
003015
003016
003017
003018
003019
003020
003021
003022
003023
003024
003025
003026
003027
003028
003029
003030
003031
003032
003033
003034
003035
003038
003039
003040
003041
003042
003043
003044
003045
003046
003047
003048
003049
003050
003051
003053
003054
003055
003056
003058
003059
003061
003062
003063
003065
003066
003067
003068
003069
003070
003071
003072
003073
003075
003076
003077
003078
003079
003080
003082
003083
003084
003085
003086
003087
003088
003089
003090
003091
003092
003093
003094
003095
003096
003099
003100
003101
003102
003104
003105
003108
003109
003110
003112
003113
003116
003117
003119
003120
003121
003122
003123
003124
003125
003127
003128
003129
003131
003132
003133
003135
003136
003137
003138
003139
003140
003141
003142
003143
003144
003145
003146
003147
003148
003149
003150
003151
003152
003153
003154
003156
003158
003159
003162
003163
003164
003165
003166
003167
003168
003169
003170
003171
003173
003174
003175
003176
003177
003178
003179
003180
003181
003182
003183
003184
003185
003186
003187
003188
003189
003190
003192
003193
003195
003196
003198
003199
003200
003201
003202
003204
003206
003207
003208
003209
003210
003211
003214
003215
003217
003219
003220
003221
003222
003223
003224
003225
003226
003227
003229
003230
003231
003233
003235
003237
003238
003239
003240
003241
003242
003243
003246
003249
003251
003252
003253
003254
003257
003258
003259
003260
003261
003262
003263
003265
003266
003267
003268
003270
003271
003272
003273
003274
003275
003276
003277
003278
003279
003280
003281
003282
003283
003284
003285
003286
003287
003289
003291
003292
003293
003294
003296
003297
003298
003300
003301
003304
003305
003306
003307
003309
003310
003311
003312
003313
003314
003315
003316
003318
003319
003320
003322
003323
003324
003325
003327
003330
003332
003333
003334
003335
003336
003337
003338
003340
003341
003342
003344
003345
003346
003347
003348
003349
003350
003351
003352
003353
003354
003355
003356
003358
003360
003362
003364
003366
003367
003368
003369
003370
003371
003372
003375
003376
003377
003378
003379
003380
003381
003382
003383
003384
003385
003387
003388
003390
003391
003392
003393
003394
003395
003396
003397
003398
003399
003400
003401
003402
003404
003405
003406
003407
003408
003409
003410
003412
003414
003415
003416
003417
003418
003420
003422
003423
003425
003426
003427
003428
003430
003431
003432
003435
003436
003437
003438
003440
003441
003442
003443
003444
003445
003448
003449
003451
003453
003454
003455
003456
003457
003458
003459
003460
003462
003463
003464
003466
003468
003469
003471
003472
003473
003474
003475
003476
003477
003478
003479
003480
003482
003483
003484
003485
003488
003489
003490
003493
003494
003495
003496
003497
003498
003500
003503
003504
003505
003506
003507
003508
003509
003510
003511
003512
003513
003514
003515
003516
003517
003518
003520
003523
003525
003526
003527
003528
003530
003531
003532
003533
003534
003535
003536
003537
003538
003539
003540
003541
003542
003543
003544
003546
003547
003548
003549
003550
003551
003552
003553
003554
003555
003556
003557
003558
003560
003562
003564
003565
003567
003568
003569
003570
003571
003572
003573
003574
003575
003576
003577
003578
003579
003581
003585
003586
003587
003588
003590
003591
003592
003593
003594
003595
003597
003598
003599
003600
003601
003602
003603
003604
003605
003607
003610
003611
003612
003613
003614
003616
003619
003620
003621
003622
003625
003627
003628
003629
003630
003631
003632
003633
003634
003636
003637
003638
003639
003643
003644
003645
003648
003649
003650
003651
003652
003653
003654
003655
003656
003657
003658
003659
003660
003661
003662
003664
003665
003667
003668
003669
003670
003671
003672
003673
003674
003675
003676
003677
003678
003679
003682
003683
003684
003685
003686
003687
003688
003689
003690
003692
003693
003694
003695
003696
003697
003698
003699
003701
003702
003703
003704
003705
003706
003707
003708
003709
003710
003711
003712
003713
003714
003715
003716
003717
003719
003720
003723
003724
003725
003727
003728
003729
003731
003732
003733
003734
003735
003736
003737
003738
003739
003740
003741
003742
003743
003744
003748
003749
003750
003751
003753
003755
003756
003757
003758
003759
003760
003761
003762
003763
003764
003766
003767
003768
003770
003771
003772
003773
003774
003775
003776
003777
003778
003783
003784
003785
003786
003787
003789
003790
003791
003792
003793
003795
003797
003799
003800
003801
003802
003803
003804
003805
003806
003807
003808
003809
003810
003812
003813
003814
003815
003816
003818
003819
003820
003821
003823
003825
003826
003827
003828
003829
003830
003831
003832
003833
003834
003835
003836
003837
003838
003839
003840
003842
003843
003844
003845
003846
003847
003848
003849
003850
003851
003852
003853
003854
003855
003856
003857
003858
003859
003860
003861
003862
003863
003864
003865
003866
003867
003869
003870
003871
003872
003873
003874
003875
003876
003878
003880
003881
003882
003884
003885
003886
003887
003888
003889
003890
003892
003893
003895
003896
003897
003898
003899
003900
003902
003903
003904
003905
003907
003908
003909
003910
003911
003912
003913
003914
003915
003916
003917
003918
003920
003921
003922
003924
003927
003928
003929
003931
003932
003933
003934
003935
003937
003938
003941
003942
003943
003944
003946
003947
003949
003950
003952
003953
003954
003956
003957
003959
003960
003962
003963
003964
003966
003967
003968
003969
003970
003971
003972
003974
003976
003980
003981
003982
003983
003984
003985
003986
003987
003988
003989
003990
003992
003993
003994
003996
003997
003999
004000
004001
004002
004003
004004
004005
004006
004007
004008
004009
004011
004012
004013
004014
004015
004016
004017
004019
004021
004022
004023
004024
004025
004026
004027
004029
004030
004031
004032
004033
004034
004035
004036
004037
004038
004039
004040
004041
004042
004043
004044
004046
004047
004051
004052
004053
004054
004055
004056
004058
004059
004061
004062
004063
004064
004066
004067
004068
004070
004071
004072
004073
004074
004075
004077
004078
004079
004080
004081
004083
004084
004085
004086
004087
004088
004089
004090
004091
004093
004095
004096
004097
004098
004099
004100
004101
004102
004103
004105
004106
004107
004108
004110
004111
004113
004115
004116
004117
004118
004119
004120
004121
004122
004123
004124
004125
004126
004127
004128
004129
004131
004132
004133
004135
004136
004137
004138
004139
004140
004141
004142
004143
004144
004145
004147
004150
004151
004152
004153
004156
004157
004158
004159
004161
004162
004163
004164
004167
004169
004170
004171
004173
004175
004176
004177
004178
004179
004180
004181
004182
004183
004184
004185
004187
004188
004190
004191
004192
004193
004195
004196
004197
004199
004201
004202
004203
004205
004206
004207
004209
004210
004211
004212
004213
004214
004215
004217
004218
004221
004223
004224
004226
004228
004230
004231
004232
004233
004234
004235
004237
004238
004239
004240
004241
004243
004244
004246
004247
004249
004250
004252
004253
004254
004255
004256
004257
004258
004259
004260
004261
004263
004265
004266
004267
004268
004269
004271
004272
004273
004274
004276
004277
004278
004279
004280
004281
004282
004283
004286
004289
004291
004293
004294
004295
004296
004297
004298
004300
004301
004302
004303
004304
004305
004306
004307
004308
004309
004310
004311
004312
004313
004315
004316
004317
004318
004320
004321
004322
004323
004324
004326
004327
004328
004329
004330
004332
004333
004334
004335
004336
004337
004338
004339
004340
004341
004342
004343
004344
004346
004347
004348
004349
004350
004351
004352
004353
004355
004356
004357
004358
004359
004360
004361
004364
004365
004366
004367
004368
004369
004371
004372
004373
004374
004375
004376
004377
004378
004379
004380
004381
004382
004383
004384
004385
004386
004387
004388
004390
004391
004393
004395
004396
004397
004399
004401
004402
004404
004405
004406
004407
004408
004409
004411
004412
004413
004414
004415
004416
004417
004418
004420
004423
004424
004425
004426
004427
004428
004429
004430
004431
004432
004433
004435
004436
004437
004439
004440
004441
004442
004443
004444
004446
004447
004449
004451
004452
004453
004454
004455
004456
004459
004460
004461
004462
004463
004464
004465
004466
004469
004470
004471
004472
004473
004474
004476
004479
004480
004481
004482
004483
004485
004486
004487
004488
004489
004490
004491
004492
004493
004494
004495
004496
004497
004499
004500
004501
004502
004504
004505
004508
004509
004510
004513
004514
004516
004518
004519
004520
004521
004522
004523
004524
004525
004527
004531
004533
004535
004536
004537
004538
004539
004540
004541
004542
004543
004544
004545
004546
004547
004548
004549
004551
004552
004553
004554
004555
004556
004558
004559
004560
004561
004562
004563
004564
004566
004567
004568
004569
004570
004571
004572
004573
004575
004576
004578
004579
004580
004581
004582
004583
004584
004586
004587
004588
004589
004592
004593
004596
004597
004598
004599
004600
004601
004603
004604
004605
004606
004607
004608
004609
004610
004611
004615
004616
004617
004619
004621
004622
004623
004624
004625
004626
004627
004628
004629
004630
004631
004632
004633
004637
004638
004640
004641
004642
004643
004644
004645
004649
004650
004651
004652
004653
004654
004657
004658
004659
004660
004661
004662
004663
004665
004666
004669
004670
004671
004673
004674
004675
004676
004678
004679
004680
004681
004684
004685
004686
004687
004689
004691
004692
004693
004694
004695
004696
004697
004698
004699
004700
004701
004702
004703
004704
004705
004706
004707
004709
004711
004712
004713
004714
004715
004717
004718
004720
004721
004722
004724
004725
004726
004727
004728
004729
004730
004731
004735
004737
004738
004739
004742
004743
004747
004748
004749
004750
004751
004752
004754
004755
004756
004757
004759
004760
004761
004763
004764
004765
004766
004767
004769
004771
004772
004773
004774
004775
004777
004778
004779
004782
004784
004785
004786
004787
004788
004789
004792
004794
004796
004798
004799
004800
004802
004803
004806
004807
004808
004809
004811
004812
004813
004814
004815
004816
004817
004818
004820
004821
004822
004823
004824
004826
004827
004828
004830
004832
004833
004835
004836
004837
004839
004840
004841
004843
004846
004848
004849
004850
004851
004852
004853
004857
004858
004859
004860
004861
004862
004863
004864
004866
004867
004868
004869
004870
004871
004872
004873
004875
004877
004878
004879
004880
004881
004883
004884
004885
004886
004888
004889
004890
004891
004892
004893
004894
004895
004896
004899
004900
004901
004902
004903
004904
004905
004906
004907
004908
004909
004910
004911
004912
004913
004915
004921
004922
004923
004926
004927
004929
004930
004931
004932
004933
004934
004935
004936
004937
004938
004939
004940
004941
004942
004943
004944
004945
004946
004947
004948
004950
004951
004952
004953
004954
004955
004956
004957
004958
004959
004960
004961
004962
004963
004964
004965
004967
004968
004970
004971
004972
004975
004977
004978
004979
004981
004982
004983
004984
004987
004988
004990
004992
004993
004998
004999
005000
005001
005002
005003
005004
005005
005007
005008
005009
005010
005012
005013
005014
005015
005016
005017
005018
005020
005021
005022
005023
005026
005028
005029
005030
005031
005032
005033
005035
005036
005038
005039
005040
005044
005046
005047
005048
005049
005050
005051
005052
005053
005054
005055
005056
005058
005060
005061
005062
005064
005065
005066
005067
005068
005069
005070
005071
005072
005073
005074
005075
005076
005077
005078
005080
005081
005082
005083
005084
005085
005088
005089
005090
005091
005092
005093
005094
005095
005096
005097
005098
005100
005101
005102
005103
005104
005105
005106
005107
005108
005109
005110
005111
005112
005115
005117
005118
005119
005120
005121
005122
005124
005125
005127
005128
005129
005130
005131
005132
005133
005134
005135
005136
005137
005138
005139
005140
005141
005142
005143
005145
005147
005148
005149
005150
005151
005152
005153
005155
005157
005159
005161
005162
005163
005167
005170
005172
005173
005174
005175
005176
005177
005178
005179
005180
005181
005182
005183
005184
005185
005186
005187
005188
005189
005190
005191
005192
005193
005194
005195
005196
005197
005198
005200
005201
005202
005203
005205
005206
005207
005208
005209
005210
005211
005212
005214
005215
005216
005217
005218
005219
005221
005222
005223
005225
005227
005229
005230
005232
005233
005234
005235
005238
005239
005240
005241
005242
005243
005244
005246
005247
005248
005249
005250
005251
005252
005253
005254
005255
005256
005257
005259
005260
005261
005263
005265
005266
005267
005269
005270
005271
005272
005273
005276
005277
005278
005279
005280
005281
005282
005283
005285
005287
005288
005289
005290
005291
005292
005293
005294
005296
005297
005298
005299
005300
005301
005302
005303
005304
005306
005307
005310
005313
005314
005315
005316
005318
005320
005321
005322
005323
005324
005325
005327
005328
005329
005330
005331
005332
005333
005334
005336
005338
005339
005340
005341
005344
005345
005346
005347
005348
005349
005350
005351
005352
005353
005354
005355
005356
005358
005359
005360
005361
005362
005363
005364
005365
005366
005368
005369
005370
005371
005372
005373
005374
005376
005377
005379
005380
005381
005382
005383
005385
005386
005387
005388
005389
005390
005391
005392
005393
005394
005395
005397
005398
005399
005400
005401
005402
005403
005404
005405
005406
005407
005408
005410
005411
005414
005415
005416
005417
005419
005420
005421
005422
005426
005427
005428
005429
005430
005431
005432
005434
005435
005437
005438
005439
005440
005441
005443
005444
005445
005446
005447
005448
005449
005450
005451
005453
005454
005455
005456
005457
005458
005459
005461
005463
005464
005465
005466
005467
005468
005469
005470
005471
005472
005473
005474
005475
005476
005477
005478
005481
005482
005483
005484
005485
005486
005487
005488
005489
005490
005491
005493
005494
005495
005496
005497
005499
005501
005502
005503
005504
005507
005508
005511
005512
005513
005515
005516
005517
005519
005520
005523
005524
005525
005527
005528
005529
005531
005532
005533
005534
005535
005536
005537
005538
005541
005543
005545
005549
005550
005551
005552
005554
005555
005556
005557
005558
005559
005561
005562
005565
005566
005567
005568
005569
005570
005571
005573
005574
005575
005577
005578
005580
005581
005583
005584
005585
005586
005587
005588
005589
005590
005592
005593
005595
005596
005597
005598
005599
005600
005601
005602
005603
005604
005605
005606
005607
005608
005610
005611
005612
005613
005614
005616
005617
005618
005619
005620
005622
005623
005624
005625
005626
005627
005628
005629
005630
005631
005632
005633
005634
005635
005636
005637
005638
005639
005640
005642
005643
005644
005645
005646
005648
005649
005650
005651
005652
005653
005654
005655
005656
005657
005660
005661
005662
005663
005664
005665
005666
005667
005668
005669
005670
005671
005672
005673
005675
005676
005677
005678
005679
005680
005682
005683
005684
005685
005686
005688
005689
005690
005692
005693
005694
005695
005696
005697
005698
005699
005701
005702
005703
005704
005706
005708
005709
005710
005711
005712
005713
005714
005715
005717
005718
005719
005720
005722
005725
005726
005727
005728
005729
005730
005731
005732
005734
005735
005738
005739
005741
005742
005743
005744
005745
005746
005747
005748
005751
005752
005753
005754
005755
005756
005757
005758
005759
005760
005761
005762
005764
005765
005767
005768
005770
005771
005772
005775
005776
005778
005779
005780
005782
005783
005784
005785
005786
005787
005788
005789
005790
005791
005792
005794
005795
005796
005797
005799
005800
005801
005804
005806
005807
005808
005809
005811
005812
005813
005814
005815
005816
005817
005818
005819
005820
005822
005823
005824
005825
005826
005827
005829
005830
005832
005833
005835
005836
005837
005839
005840
005841
005843
005845
005846
005848
005849
005850
005851
005855
005856
005858
005859
005860
005861
005862
005863
005864
005865
005866
005869
005871
005872
005873
005875
005876
005877
005878
005879
005880
005881
005883
005884
005885
005886
005887
005888
005889
005890
005891
005892
005893
005896
005897
005898
005899
005900
005901
005902
005903
005904
005905
005906
005907
005908
005910
005911
005912
005913
005914
005915
005916
005917
005918
005919
005921
005922
005923
005924
005925
005926
005927
005928
005929
005930
005931
005932
005933
005934
005935
005936
005937
005938
005939
005940
005941
005943
005944
005945
005946
005947
005948
005949
005950
005951
005952
005953
005955
005957
005958
005959
005960
005961
005962
005963
005965
005967
005968
005970
005971
005972
005973
005976
005977
005979
005980
005981
005983
005984
005985
005986
005987
005991
005992
005993
005994
005995
005997
005998
005999
006001
006002
006003
006004
006006
006007
006009
006010
006011
006012
006013
006014
006015
006016
006017
006018
006019
006020
006021
006022
006023
006024
006025
006027
006028
006029
006030
006031
006032
006033
006034
006035
006036
006037
006038
006039
006041
006042
006043
006044
006045
006046
006047
006048
006049
006050
006051
006052
006053
006054
006055
006056
006057
006058
006059
006060
006061
006064
006066
006067
006070
006071
006072
006073
006074
006075
006076
006077
006078
006079
006080
006081
006082
006083
006085
006086
006087
006088
006089
006090
006091
006092
006093
006094
006095
006096
006097
006098
006099
006100
006101
006102
006103
006105
006106
006107
006108
006110
006111
006112
006113
006114
006115
006116
006117
006121
006122
006123
006124
006125
006126
006128
006129
006130
006131
006132
006133
006134
006136
006137
006139
006140
006141
006142
006143
006144
006145
006146
006147
006148
006149
006150
006151
006152
006153
006154
006156
006159
006162
006163
006164
006165
006166
006167
006168
006169
006170
006171
006172
006173
006174
006175
006176
006178
006179
006180
006181
006184
006185
006186
006187
006188
006190
006191
006192
006193
006194
006196
006197
006198
006199
006200
006201
006202
006203
006204
006205
006207
006208
006209
006210
006211
006212
006213
006214
006215
006216
006217
006218
006219
006220
006221
006222
006224
006225
006226
006227
006228
006230
006231
006232
006234
006235
006236
006237
006238
006239
006240
006241
006242
006243
006244
006246
006247
006248
006249
006250
006252
006253
006254
006255
006257
006259
006261
006262
006263
006264
006265
006266
006267
006268
006269
006270
006271
006272
006273
006274
006275
006276
006277
006278
006280
006283
006284
006285
006286
006287
006288
006290
006291
006292
006294
006296
006299
006301
006302
006303
006304
006305
006306
006307
006308
006309
006310
006311
006312
006313
006314
006315
006317
006321
006322
006323
006324
006326
006327
006331
006334
006337
006338
006340
006341
006342
006343
006344
006345
006346
006348
006350
006351
006352
006353
006355
006358
006359
006360
006361
006362
006363
006364
006365
006366
006367
006368
006369
006371
006372
006373
006374
006375
006376
006377
006378
006379
006380
006382
006383
006384
006385
006387
006388
006389
006390
006391
006392
006394
006396
006397
006399
006401
006402
006403
006404
006405
006406
006407
006408
006409
006410
006411
006413
006414
006415
006417
006418
006419
006421
006423
006424
006426
006427
006428
006429
006431
006432
006433
006434
006435
006438
006439
006440
006441
006442
006443
006444
006445
006446
006447
006448
006451
006452
006453
006454
006455
006456
006457
006458
006459
006461
006462
006463
006464
006466
006467
006468
006469
006470
006472
006473
006474
006475
006476
006478
006479
006480
006481
006482
006483
006484
006485
006486
006487
006488
006489
006490
006491
006492
006493
006494
006495
006496
006497
006498
006499
006500
006502
006503
006504
006505
006506
006507
006508
006510
006511
006512
006513
006514
006515
006516
006517
006519
006520
006521
006522
006524
006525
006526
006528
006529
006530
006531
006532
006533
006534
006537
006538
006539
006540
006541
006542
006543
006544
006545
006546
006547
006548
006549
006550
006551
006552
006553
006555
006556
006558
006559
006560
006561
006562
006565
006566
006568
006569
006570
006571
006572
006573
006574
006575
006576
006577
006578
006579
006580
006581
006582
006583
006584
006586
006587
006589
006590
006593
006594
006595
006596
006597
006598
006599
006600
006601
006602
006604
006606
006607
006608
006610
006611
006613
006614
006615
006617
006618
006619
006620
006621
006622
006623
006624
006625
006626
006627
006628
006629
006630
006631
006632
006633
006634
006635
006636
006637
006638
006639
006640
006641
006642
006643
006644
006645
006647
006648
006649
006650
006651
006652
006653
006654
006655
006656
006657
006658
006659
006660
006661
006662
006664
006665
006666
006668
006669
006670
006671
006672
006673
006674
006675
006677
006679
006680
006681
006682
006683
006684
006685
006686
006687
006688
006690
006691
006692
006693
006694
006695
006696
006697
006698
006699
006700
006702
006703
006704
006706
006707
006708
006709
006710
006711
006713
006714
006715
006716
006717
006718
006719
006721
006722
006723
006724
006725
006726
006729
006730
006731
006732
006735
006737
006738
006739
006741
006742
006743
006745
006746
006747
006748
006749
006750
006752
006753
006756
006757
006761
006762
006763
006764
006765
006766
006767
006768
006770
006771
006772
006773
006774
006776
006777
006778
006779
006780
006781
006782
006783
006784
006785
006786
006787
006788
006789
006791
006792
006793
006795
006796
006797
006798
006799
006802
006804
006805
006806
006807
006808
006810
006811
006812
006813
006814
006815
006816
006817
006818
006819
006820
006821
006823
006824
006825
006826
006828
006829
006831
006832
006834
006837
006838
006839
006840
006841
006842
006843
006844
006845
006847
006848
006849
006850
006851
006852
006853
006854
006856
006857
006858
006859
006860
006861
006862
006864
006865
006866
006867
006868
006870
006871
006872
006873
006875
006876
006877
006879
006880
006881
006882
006883
006884
006885
006886
006890
006891
006894
006895
006896
006897
006898
006900
006901
006902
006904
006906
006907
006908
006909
006910
006913
006914
006916
006917
006921
006922
006923
006924
006925
006927
006928
006929
006930
006931
006933
006934
006935
006936
006938
006939
006940
006942
006943
006944
006946
006947
006948
006949
006950
006951
006954
006955
006956
006957
006958
006960
006961
006962
006963
006964
006965
006966
006967
006969
006970
006971
006972
006973
006974
006975
006976
006977
006978
006979
006980
006982
006984
006985
006986
006987
006989
006992
006993
006994
006995
006996
007000
007001
007002
007003
007005
007006
007007
007008
007009
007011
007012
007013
007016
007017
007018
007019
007020
007022
007023
007024
007025
007026
007027
007029
007030
007033
007034
007035
007036
007037
007038
007040
007041
007042
007043
007044
007045
007047
007048
007049
007051
007053
007054
007055
007056
007058
007059
007063
007064
007065
007066
007067
007068
007070
007072
007073
007074
007075
007076
007078
007079
007080
007082
007083
007084
007085
007086
007087
007088
007089
007090
007091
007092
007093
007094
007095
007096
007097
007098
007099
007100
007101
007102
007103
007104
007105
007106
007107
007108
007110
007112
007113
007114
007115
007116
007117
007120
007122
007123
007124
007125
007127
007128
007129
007130
007132
007134
007135
007138
007139
007140
007141
007142
007145
007146
007149
007150
007152
007153
007154
007156
007157
007158
007160
007161
007162
007163
007164
007165
007166
007167
007168
007169
007170
007171
007172
007173
007174
007175
007176
007177
007179
007180
007181
007182
007183
007184
007185
007186
007187
007188
007189
007190
007191
007192
007193
007194
007195
007197
007198
007199
007200
007201
007202
007203
007205
007206
007207
007208
007209
007210
007211
007212
007213
007214
007215
007216
007217
007218
007219
007220
007221
007222
007223
007224
007225
007226
007227
007228
007229
007230
007231
007234
007235
007236
007237
007239
007240
007241
007242
007243
007244
007245
007246
007248
007249
007250
007251
007252
007253
007255
007256
007257
007258
007260
007261
007263
007265
007266
007267
007269
007270
007271
007272
007273
007274
007276
007277
007278
007279
007280
007281
007285
007286
007287
007288
007289
007290
007291
007293
007294
007295
007296
007297
007298
007299
007303
007304
007305
007306
007308
007309
007310
007311
007312
007314
007316
007317
007318
007319
007320
007321
007323
007324
007325
007326
007327
007328
007330
007331
007332
007333
007334
007335
007336
007337
007338
007340
007342
007343
007344
007345
007346
007347
007348
007351
007352
007353
007354
007355
007356
007357
007358
007359
007360
007361
007362
007363
007364
007365
007366
007367
007368
007370
007371
007372
007374
007376
007377
007378
007379
007380
007381
007383
007384
007386
007387
007390
007391
007392
007393
007395
007397
007398
007399
007400
007401
007402
007403
007404
007405
007406
007407
007408
007409
007411
007412
007414
007415
007416
007417
007419
007420
007421
007422
007423
007424
007425
007426
007427
007428
007429
007430
007431
007432
007434
007435
007437
007438
007439
007440
007441
007443
007444
007445
007446
007447
007448
007449
007451
007452
007453
007454
007455
007456
007457
007458
007459
007460
007461
007462
007463
007464
007465
007469
007471
007473
007474
007475
007476
007477
007479
007480
